4140 9653 4508 10000
0 6327 491 10000
1424 4811 2312 5453
1445 820 3286 1720
2028 318 3840 820
6018 7230 6772 8193
6206 110 7591 1720
713 5453 2429 6327
7750 7062 10000 7564
5622 499 5794 678
2438 1720 3842 2922
795 9097 1192 9516
6891 4117 10000 5210
3468 7869 4017 8424
6683 8467 6768 8555
3426 3696 4076 6097
4076 4598 5398 5524
9487 9694 9758 10000
1806 470 2028 732
5398 4591 5714 8546
6954 3011 7837 3946
1991 2259 2438 2647
7821 5210 9130 6066
4364 6147 5398 9031
1207 7578 1649 10000
2429 4343 3426 6097
7216 7062 7750 9087
491 7578 1207 8992
5389 2440 6407 4591
2526 8424 4140 10000
5714 5684 6118 6190
6772 7946 7216 8465
4364 5524 5398 6147
5054 827 6206 2285
3842 827 5054 1752
0 1434 713 6327
4143 2636 5389 4598
3863 1752 5008 2636
7837 1313 10000 3124
7837 3124 10000 4117
3840 0 5622 827
7750 7564 8946 8777
579 6327 2788 7578
2788 6097 4364 7869
6939 9087 7302 9495
3423 2922 4143 3696
8571 9803 8691 9946
7504 6452 8307 7062
0 0 3840 318
713 4750 1223 5299
6407 3807 6891 4300
1649 7578 2526 9557
